Average Playback Delay Time
Time
Playback Delay Time

0.000000 0.000000 
1.000000 0.000000 
2.000000 0.000000 
3.000000 0.000000 
4.000000 0.000000 
5.000000 160.000000 
6.000000 276.600000 
7.000000 312.000000 
8.000000 311.466667 
9.000000 307.866667 
10.000000 312.000000 
11.000000 325.000000 
12.000000 347.133333 
13.000000 376.533333 
14.000000 389.733333 
15.000000 395.800000 
16.000000 400.600000 
17.000000 404.066667 
18.000000 405.400000 
19.000000 405.600000 
20.000000 405.866667 
21.000000 406.000000 
22.000000 406.000000 
23.000000 405.933333 
24.000000 405.933333 
25.000000 405.933333 
26.000000 405.933333 
27.000000 405.933333 
28.000000 405.933333 
29.000000 405.933333 
30.000000 406.000000 
31.000000 406.266667 
32.000000 406.400000 
33.000000 407.133333 
34.000000 408.333333 
35.000000 409.866667 
36.000000 411.600000 
37.000000 413.466667 
38.000000 415.600000 
39.000000 417.066667 
40.000000 417.400000 
41.000000 417.733333 
42.000000 418.066667 
43.000000 418.000000 
44.000000 418.000000 
45.000000 418.000000 
46.000000 418.000000 
47.000000 418.000000 
48.000000 418.000000 
49.000000 418.000000 
50.000000 418.000000 
51.000000 418.000000 
52.000000 418.000000 
53.000000 418.000000 
54.000000 418.000000 
55.000000 418.000000 
56.000000 418.000000 
57.000000 418.000000 
58.000000 418.000000 
59.000000 418.000000 
60.000000 418.000000 
61.000000 418.000000 
62.000000 418.000000 
63.000000 418.000000 
64.000000 418.000000 
65.000000 418.000000 
66.000000 418.000000 
67.000000 418.000000 
68.000000 418.000000 
69.000000 418.000000 
70.000000 418.000000 
71.000000 418.000000 
72.000000 418.000000 
73.000000 418.000000 
74.000000 418.000000 
75.000000 418.000000 
76.000000 418.000000 
77.000000 418.000000 
78.000000 418.000000 
79.000000 418.000000 
80.000000 418.000000 
81.000000 418.000000 
82.000000 418.000000 
83.000000 418.000000 
84.000000 418.000000 
85.000000 418.000000 
86.000000 418.000000 
87.000000 418.000000 
88.000000 418.000000 
89.000000 418.000000 
90.000000 418.000000 
91.000000 418.000000 
92.000000 418.000000 
93.000000 418.000000 
94.000000 418.000000 
95.000000 418.000000 
96.000000 418.000000 
97.000000 418.000000 
98.000000 418.000000 
99.000000 418.000000 
