Average Connection Set-up Time
Time
Connection Set-up Time

0.000000 0.000000 
1.000000 0.000000 
2.000000 0.000000 
3.000000 280.400000 
4.000000 380.266667 
5.000000 405.066667 
6.000000 426.733333 
7.000000 465.200000 
8.000000 511.066667 
9.000000 530.933333 
10.000000 539.666667 
11.000000 544.933333 
12.000000 548.000000 
13.000000 550.800000 
14.000000 551.400000 
15.000000 552.266667 
16.000000 552.933333 
17.000000 553.066667 
18.000000 553.133333 
19.000000 553.400000 
20.000000 553.466667 
21.000000 553.466667 
22.000000 553.466667 
23.000000 553.466667 
24.000000 553.466667 
25.000000 553.466667 
26.000000 553.466667 
27.000000 553.466667 
28.000000 553.466667 
29.000000 553.466667 
30.000000 553.533333 
31.000000 553.866667 
32.000000 554.666667 
33.000000 556.200000 
34.000000 558.533333 
35.000000 561.533333 
36.000000 564.133333 
37.000000 567.600000 
38.000000 572.133333 
39.000000 574.733333 
40.000000 575.466667 
41.000000 575.866667 
42.000000 576.733333 
43.000000 576.866667 
44.000000 576.866667 
45.000000 576.866667 
46.000000 576.866667 
47.000000 576.866667 
48.000000 576.866667 
49.000000 576.866667 
50.000000 576.866667 
51.000000 576.866667 
52.000000 576.866667 
53.000000 576.866667 
54.000000 576.866667 
55.000000 576.866667 
56.000000 576.866667 
57.000000 576.866667 
58.000000 576.866667 
59.000000 576.866667 
60.000000 576.866667 
61.000000 576.866667 
62.000000 576.866667 
63.000000 576.866667 
64.000000 576.866667 
65.000000 576.866667 
66.000000 576.866667 
67.000000 576.866667 
68.000000 576.866667 
69.000000 576.866667 
70.000000 576.866667 
71.000000 576.866667 
72.000000 576.866667 
73.000000 576.866667 
74.000000 576.866667 
75.000000 576.866667 
76.000000 576.866667 
77.000000 576.866667 
78.000000 576.866667 
79.000000 576.866667 
80.000000 576.866667 
81.000000 576.866667 
82.000000 576.866667 
83.000000 576.866667 
84.000000 576.866667 
85.000000 576.866667 
86.000000 576.866667 
87.000000 576.866667 
88.000000 576.866667 
89.000000 576.866667 
90.000000 576.866667 
91.000000 576.866667 
92.000000 576.866667 
93.000000 576.866667 
94.000000 576.866667 
95.000000 576.866667 
96.000000 576.866667 
97.000000 576.866667 
98.000000 576.866667 
99.000000 576.866667 
