Average Connection Set-up Time
Time
Connection Set-up Time

0 0
1000 0
2000 62
3000 123
4000 187
5000 221
6000 275
7000 299
8000 292
9000 269
10000 246
11000 232
12000 241
13000 250
14000 253
15000 255
16000 252
17000 247
18000 251
19000 259
20000 261
21000 259
22000 279
23000 324
24000 351
25000 348
26000 351
27000 342
28000 308
29000 276
30000 268
31000 309
32000 418
33000 529
34000 538
35000 518
36000 495
37000 465
38000 417
39000 380
40000 363
41000 323
42000 263
43000 212
44000 190
45000 172
46000 155
47000 180
48000 199
49000 216
50000 220
51000 224
52000 233
53000 764
54000 1629
55000 1781
56000 1655
57000 1564
58000 1449
59000 1276
60000 979
61000 647
62000 462
63000 340
64000 249
65000 211
66000 199
67000 221
68000 237
69000 254
70000 249
71000 254
72000 235
73000 217
74000 196
75000 183
76000 205
77000 692
78000 1310
79000 1484
80000 1463
81000 1319
82000 1113
83000 956
84000 786
85000 564
86000 2744
87000 3699
88000 4499
89000 5110
90000 4808
91000 3884
92000 2784
93000 1772
94000 1494
95000 1130
96000 2265
97000 5074
98000 9693
99000 10860
