0 0.0
1000 0.0
2000 9.333333333333334
3000 12.748538011695906
4000 26.016528925619838
5000 35.355805243445694
6000 46.78023850085179
7000 59.39263803680982
8000 65.36158452326117
9000 65.89437229437229
10000 67.32868604498225
11000 71.0721082681328
12000 71.61360589812332
13000 73.78189613443054
14000 76.7334525939177
15000 79.35681470137825
16000 81.0521295368913
17000 81.53198507074039
18000 81.51379241913078
19000 82.60369091381679
20000 83.58462623413259
21000 83.84943181818181
22000 83.5814406229721
23000 83.4653743942473
24000 83.85674259958581
25000 83.68542928393302
26000 83.04422014634005
27000 82.31426323479825
28000 82.01394608246856
29000 82.02397019921179
30000 81.36498202579827
31000 80.69661003801102
32000 79.99848469542378
33000 79.2723963201653
34000 78.57310501736319
35000 78.71928833662807
36000 78.97300947812114
37000 79.01717292955406
38000 78.8212162780064
39000 78.55166176803074
40000 78.16449907421867
41000 77.52704182176483
42000 77.24969323832691
43000 77.00565809828561
44000 76.7268627737531
45000 76.58063320081571
46000 76.59293388513996
47000 76.54839556533855
48000 76.34996801023672
49000 76.47869972977269
50000 76.63080733036156
51000 76.61433959283612
52000 76.162228787197
53000 74.91386225600672
54000 74.56904784196237
55000 74.76438244953688
56000 74.97961944104262
57000 75.00308227871052
58000 74.9192924367026
59000 74.70751890426595
60000 74.09450202002459
61000 73.60883160858974
62000 73.36565945283789
63000 73.13280268118977
64000 72.98854942912378
65000 73.0044666961174
66000 73.01623376623377
67000 73.00746665806577
68000 73.02401694181066
69000 73.07358891927771
70000 72.95567051333069
71000 72.74043629465697
72000 72.40787433636633
73000 72.13584858865654
74000 71.79770635880632
75000 71.62627976010178
76000 71.46307116104869
77000 71.19954990968583
78000 70.98603098368818
79000 70.8044678169412
80000 70.63358275278804
81000 70.60729320741837
82000 70.45211678626309
83000 70.20280637152342
84000 70.00634850534102
85000 69.94091095609356
86000 69.93630227220254
87000 69.95731921445744
88000 69.9160205850342
89000 69.85961816139901
90000 69.67209848997969
91000 69.3604199834217
92000 69.10272777010655
93000 68.88063455213775
94000 68.67905729066871
95000 68.51379585427931
96000 68.28205321096317
97000 67.89197355060799
98000 67.91982105987611
99000 67.97219711221324
