0 0.0
1000 38.645418326693225
2000 52.63157894736842
3000 61.453077699293644
4000 66.47847565278758
5000 70.20890099909174
6000 71.30844265052136
7000 74.47470817120623
8000 77.02620353443022
9000 77.25861787289658
10000 78.38883515268758
11000 79.26142760639495
12000 79.92842230838055
13000 80.15280583121103
14000 80.80157170923378
15000 81.03192016420128
16000 80.57661159701976
17000 80.07327739037939
18000 79.61448598130842
19000 79.65939917612779
20000 79.80823199251637
21000 79.71472459951723
22000 79.17974471646788
23000 78.53327048471994
24000 78.2898681055156
25000 77.54941559137863
26000 76.78293261090417
27000 76.4783945622269
28000 75.9114181728456
29000 75.67519120458891
30000 75.03970504821326
31000 74.52567877003598
32000 74.22382291858356
33000 73.79292992829288
34000 73.51075767185442
35000 72.90938518918159
36000 72.39368767024605
37000 71.82096287778525
38000 71.42019148178409
39000 71.32104642174214
40000 70.9886643666831
41000 70.71680511921053
42000 70.23865319360341
43000 69.9677289229528
44000 69.46517079106054
45000 68.86577099343056
46000 68.55975485188969
47000 68.23141925610486
48000 67.9757468784729
49000 67.70113464690945
50000 67.46980332637703
51000 67.08302261993538
52000 66.78686570813024
53000 66.48760268745605
54000 66.25110782865583
55000 65.80912623322595
56000 65.48051764373099
57000 65.07220091652938
58000 64.89244308815717
59000 64.6348138358231
