Average Connection Set-up Time
Time
Connection Set-up Time

0 0
1000 16
2000 31
3000 32
4000 31
5000 33
6000 33
7000 41
8000 45
9000 42
10000 43
11000 49
12000 50
13000 57
14000 70
15000 85
16000 92
17000 112
18000 117
19000 123
20000 118
21000 126
22000 115
23000 123
24000 133
25000 129
26000 125
27000 126
28000 116
29000 115
30000 106
31000 112
32000 123
33000 136
34000 138
35000 134
36000 137
37000 134
38000 128
39000 126
40000 115
41000 108
42000 122
43000 125
44000 125
45000 126
46000 129
47000 119
48000 110
49000 105
50000 97
51000 99
52000 100
53000 88
54000 83
55000 77
56000 76
57000 72
58000 87
59000 111
60000 111
61000 109
62000 111
63000 110
64000 106
65000 91
66000 110
67000 132
68000 134
69000 126
70000 135
71000 136
72000 135
73000 141
74000 150
75000 170
76000 163
77000 169
78000 168
79000 216
80000 251
81000 256
82000 288
83000 294
84000 313
85000 328
86000 303
87000 288
88000 269
89000 242
90000 203
91000 183
92000 166
93000 153
94000 143
95000 125
96000 124
97000 110
98000 108
