Average Playback Delay Time
Time
Playback Delay Time

0 0
1000 13
2000 32
3000 41
4000 41
5000 47
6000 50
7000 59
8000 58
9000 57
10000 73
11000 71
12000 70
13000 69
14000 73
15000 78
16000 85
17000 89
18000 88
19000 85
20000 85
21000 85
22000 85
23000 84
24000 86
25000 87
26000 86
27000 87
28000 88
29000 86
30000 85
31000 85
32000 90
33000 90
34000 89
35000 88
36000 89
37000 88
38000 87
39000 88
40000 87
41000 87
42000 88
43000 88
44000 87
45000 86
46000 86
47000 86
48000 86
49000 86
50000 87
51000 87
52000 85
53000 85
54000 85
55000 84
56000 82
57000 81
58000 89
59000 93
60000 92
61000 92
62000 92
63000 91
64000 90
65000 89
66000 96
67000 98
68000 100
69000 98
70000 98
71000 98
72000 97
73000 97
74000 105
75000 109
76000 109
77000 110
78000 111
79000 127
80000 130
81000 130
82000 134
83000 137
84000 142
85000 144
86000 145
87000 145
88000 143
89000 145
90000 143
91000 142
92000 142
93000 140
94000 139
95000 139
96000 138
97000 136
98000 134
