Average Playback Delay Time
Time
Playback Delay Time

0 0
1000 0
2000 0
3000 0
4000 0
5000 0
6000 0
7000 0
8000 1381078703729
9000 1381078703745
10000 1381078703764
11000 1381078703716
12000 1381078703731
13000 1381078703766
14000 1381078703793
15000 1381078703773
16000 1381078703873
17000 1381078703965
18000 1381078704038
19000 1381078704069
20000 1381078704093
21000 1381078704110
22000 1381078704121
23000 1381078704133
24000 1381078704147
25000 1381078704177
26000 1381078704201
27000 1381078704252
28000 1381078704283
29000 1381078704326
30000 1381078704370
31000 1381078704401
32000 1381078704451
33000 1381078704513
34000 1381078704569
35000 1381078704614
36000 1381078704669
37000 1381078704708
38000 1381078704741
39000 1381078704790
40000 1381078704837
41000 1381078704883
42000 1381078704912
43000 1381078704983
44000 1381078705042
45000 1381078705106
46000 1381078705165
47000 1381078705216
48000 1381078705316
49000 1381078705405
50000 1381078705483
51000 1381078705565
52000 1381078705640
53000 1381078705694
54000 1381078705742
55000 1381078705775
56000 1381078705806
57000 1381078705827
58000 1381078705850
59000 1381078705880
60000 1381078705912
61000 1381078705931
62000 1381078705944
63000 1381078705964
64000 1381078705977
65000 1381078705991
66000 1381078706006
67000 1381078706028
68000 1381078706044
69000 1381078706059
70000 1381078706064
71000 1381078706071
72000 1381078706086
73000 1381078706106
74000 1381078706115
75000 1381078706128
76000 1381078706148
77000 1381078706155
78000 1381078706164
79000 1381078706177
80000 1381078706185
81000 1381078706192
82000 1381078706199
83000 1381078706212
84000 1381078706238
85000 1381078706254
86000 1381078706270
87000 1381078706280
88000 1381078706292
89000 1381078706312
90000 1381078706327
91000 1381078706353
92000 1381078706392
93000 1381078706402
94000 1381078706413
95000 1381078706422
96000 1381078706423
97000 1381078706447
98000 1381078706474
99000 1381078706493
