0 0.0
1000 0.0
2000 11.469194312796208
3000 28.491879350348025
4000 46.16076447442383
5000 62.75636363636363
6000 68.2846902201741
7000 75.42008597108246
8000 76.57967454712926
9000 75.76987347815708
10000 77.30743469524447
11000 80.63874177499599
12000 83.95660941520062
13000 84.82331060136391
14000 86.15532770633887
15000 88.37281263337601
16000 88.29898461847793
17000 89.3456042625333
18000 89.38637643085006
19000 90.01979286536248
20000 89.95021723388848
21000 88.18879776653289
22000 86.60663665165916
23000 86.7306441119063
24000 85.39451418676951
25000 83.4624368924723
26000 81.8056953832878
27000 80.97946505608283
28000 80.23385596598459
29000 80.16476593545052
30000 79.92866611956316
31000 79.29382015542124
32000 77.82952652867
33000 77.25720876585929
34000 76.52433912703292
35000 76.25656516178192
36000 76.26844487292787
37000 76.01549325463743
38000 74.76960884702028
39000 74.11466361692605
40000 73.91350800087415
41000 73.61767924259004
42000 72.9351757395901
43000 72.92324541389065
44000 72.3046047496934
45000 72.12710509602961
46000 71.72950714193797
47000 71.80648307150884
48000 71.24134345429968
49000 71.14612181262436
50000 70.68432938140172
51000 70.21840966141562
52000 69.87072479521721
53000 69.39811292040785
54000 69.12221724189452
55000 69.13668932235547
56000 69.13600993679904
57000 68.92044735938714
58000 68.84472584434918
59000 68.62977695695412
60000 68.47780536333703
61000 68.02642099774032
62000 67.44658997534923
63000 67.03153549434933
64000 66.5564306213709
65000 66.04324590972622
66000 65.36039459852833
67000 64.62907634606827
68000 64.23997251030863
69000 64.10033856571252
70000 63.99665526415812
71000 64.01537070524412
72000 64.14712906084318
73000 64.10659245294312
74000 63.77773822238044
75000 63.54181967742883
76000 63.30932535648941
77000 63.241087369694185
78000 63.128907922912205
79000 63.16720120341726
80000 63.10755846796972
81000 62.80359190981062
82000 62.725556604297374
83000 62.64760223919698
84000 62.68994770003707
85000 62.69561531835769
86000 62.48288043478261
87000 62.056611880975396
88000 61.96812399473607
89000 61.97190172210988
90000 61.830322589108846
91000 61.59132571473146
92000 61.423377427090585
93000 61.3276774615217
94000 61.17854918459954
95000 61.31346690337307
96000 61.41714922895627
97000 61.42710693177072
98000 61.42889641575249
99000 61.456308228343474
