0 0.0
1000 0.0
2000 100.0
3000 142.0
4000 190.0
5000 204.0
6000 207.0
7000 211.0
8000 209.0
9000 209.0
10000 205.0
11000 203.0
12000 203.0
13000 199.0
14000 197.0
15000 200.0
16000 196.0
17000 196.0
18000 194.0
19000 194.0
20000 194.0
21000 191.0
22000 187.0
23000 187.0
24000 184.0
25000 183.0
26000 178.0
27000 173.0
28000 171.0
29000 168.0
30000 166.0
31000 165.0
32000 163.0
33000 162.0
34000 160.0
35000 160.0
36000 160.0
37000 160.0
38000 157.0
39000 156.0
40000 155.0
41000 154.0
42000 152.0
43000 152.0
44000 149.0
45000 148.0
46000 147.0
47000 148.0
48000 146.0
49000 146.0
50000 145.0
51000 144.0
52000 144.0
53000 143.0
54000 142.0
55000 142.0
56000 143.0
57000 142.0
58000 143.0
59000 142.0
60000 143.0
61000 143.0
62000 144.0
63000 143.0
64000 143.0
65000 142.0
66000 142.0
67000 143.0
68000 142.0
69000 142.0
70000 143.0
71000 143.0
72000 143.0
73000 144.0
74000 143.0
75000 143.0
76000 142.0
77000 144.0
78000 144.0
79000 144.0
80000 146.0
81000 145.0
82000 145.0
83000 145.0
84000 146.0
85000 146.0
86000 146.0
87000 146.0
88000 145.0
89000 146.0
90000 146.0
91000 146.0
92000 146.0
93000 146.0
94000 146.0
95000 147.0
96000 147.0
97000 147.0
98000 147.0
99000 148.0
