Average Playback Delay Time
Time
Playback Delay Time

0 0
1000 12
2000 29
3000 39
4000 41
5000 50
6000 45
7000 51
8000 49
9000 48
10000 48
11000 52
12000 52
13000 54
14000 63
15000 67
16000 75
17000 80
18000 86
19000 84
20000 84
21000 85
22000 86
23000 84
24000 84
25000 84
26000 83
27000 93
28000 94
29000 94
30000 93
31000 93
32000 93
33000 93
34000 92
35000 95
36000 94
37000 93
38000 91
39000 131
40000 142
41000 145
42000 146
43000 146
44000 145
45000 145
46000 152
47000 155
48000 156
49000 156
50000 158
51000 158
52000 156
53000 153
54000 151
55000 149
56000 148
57000 147
58000 145
59000 142
