Average Playback Delay Time
Time
Playback Delay Time

0 0
1000 0
2000 64
3000 99
4000 100
5000 110
6000 97
7000 94
8000 88
9000 83
10000 75
11000 73
12000 75
13000 80
14000 75
15000 74
16000 77
17000 73
18000 75
19000 79
20000 80
21000 80
22000 77
23000 72
24000 71
25000 213
26000 487
27000 466
28000 440
29000 420
30000 414
31000 408
32000 400
33000 387
34000 379
35000 493
36000 550
37000 544
38000 544
39000 529
40000 514
41000 507
42000 506
43000 495
44000 496
45000 481
46000 475
47000 479
48000 480
49000 478
50000 481
51000 485
52000 476
53000 472
54000 454
55000 440
56000 433
57000 431
58000 421
59000 591
60000 642
61000 667
62000 708
63000 794
64000 851
65000 936
66000 1080
67000 1250
68000 1317
69000 1319
70000 1326
71000 1338
72000 1336
73000 1365
74000 1397
75000 1432
76000 1452
77000 1446
78000 1456
79000 1450
80000 1453
81000 1454
82000 1465
83000 1465
84000 1468
85000 1463
86000 1476
87000 1485
88000 1481
89000 1463
90000 1463
91000 1455
92000 1500
93000 1556
94000 1555
95000 1558
96000 1558
97000 1567
98000 1561
99000 1570
