Average Connection Set-up Time
Time
Connection Set-up Time

0 0
1000 0
2000 105
3000 194
4000 228
5000 234
6000 221
7000 191
8000 178
9000 167
10000 164
11000 155
12000 155
13000 149
14000 142
15000 139
16000 133
17000 123
18000 122
19000 138
20000 144
21000 165
22000 251
23000 288
24000 286
25000 323
26000 292
27000 243
28000 199
29000 173
30000 145
31000 122
32000 109
33000 98
34000 84
35000 80
36000 75
37000 95
38000 103
39000 97
40000 92
41000 90
42000 89
43000 83
44000 77
45000 76
46000 112
47000 133
48000 150
49000 198
50000 242
51000 273
52000 317
53000 315
54000 280
55000 237
56000 205
57000 162
58000 141
59000 127
60000 115
61000 112
62000 108
63000 107
64000 265
65000 918
66000 1037
67000 993
68000 997
69000 851
70000 660
71000 532
72000 387
73000 288
74000 213
75000 204
76000 221
77000 254
78000 317
79000 405
80000 439
81000 467
82000 417
83000 343
84000 264
85000 241
86000 209
87000 630
88000 1732
89000 1953
90000 1842
91000 1705
92000 1461
93000 1055
94000 695
95000 511
96000 401
97000 310
98000 310
99000 289
