Average Connection Set-up Time
Time
Connection Set-up Time

0 0
1000 15
2000 29
3000 30
4000 31
5000 29
6000 26
7000 29
8000 32
9000 31
10000 31
11000 41
12000 43
13000 49
14000 66
15000 76
16000 90
17000 111
18000 133
19000 142
20000 142
21000 154
22000 144
23000 142
24000 145
25000 137
26000 127
27000 129
28000 121
29000 120
30000 116
31000 111
32000 113
33000 116
34000 114
35000 121
36000 127
37000 129
38000 129
39000 172
40000 221
41000 241
42000 267
43000 295
44000 288
45000 283
46000 296
47000 265
48000 237
49000 213
50000 193
51000 190
52000 182
53000 160
54000 145
55000 139
56000 136
57000 118
58000 121
59000 127
