Average Playback Delay Time
Time
Playback Delay Time

0 0
1000 0
2000 0
3000 0
4000 0
5000 155
6000 182
7000 260
8000 257
9000 257
10000 259
11000 280
12000 315
13000 365
14000 375
15000 381
16000 383
17000 387
18000 388
19000 389
20000 389
21000 390
22000 390
23000 390
24000 390
25000 390
26000 390
27000 390
28000 390
29000 390
30000 390
31000 391
32000 392
33000 393
34000 396
35000 398
36000 400
37000 403
38000 405
39000 405
40000 405
41000 405
42000 405
43000 405
44000 405
45000 405
46000 405
47000 405
48000 405
49000 405
50000 405
51000 405
52000 405
53000 405
54000 405
55000 405
56000 405
57000 405
58000 405
59000 405
60000 405
61000 405
62000 405
63000 405
64000 405
65000 405
66000 405
67000 405
68000 405
69000 405
70000 405
71000 405
72000 405
73000 405
74000 405
75000 405
76000 405
77000 405
78000 405
79000 405
80000 405
81000 405
82000 405
83000 405
84000 405
85000 405
86000 405
87000 405
88000 405
89000 405
90000 405
91000 405
92000 405
93000 405
94000 405
95000 405
96000 405
97000 405
98000 405
99000 405
