Average Connection Set-up Time
Time
Connection Set-up Time

0 0
1000 0
2000 0
3000 238
4000 278
5000 272
6000 294
7000 364
8000 401
9000 403
10000 401
11000 404
12000 413
13000 417
14000 421
15000 421
16000 422
17000 423
18000 423
19000 425
20000 425
21000 425
22000 425
23000 425
24000 425
25000 425
26000 425
27000 425
28000 425
29000 425
30000 425
31000 425
32000 426
33000 427
34000 432
35000 439
36000 441
37000 446
38000 455
39000 456
40000 456
41000 456
42000 456
43000 456
44000 456
45000 456
46000 456
47000 456
48000 456
49000 456
50000 456
51000 456
52000 456
53000 456
54000 456
55000 456
56000 456
57000 456
58000 456
59000 456
60000 456
61000 456
62000 456
63000 456
64000 456
65000 456
66000 456
67000 456
68000 456
69000 456
70000 456
71000 456
72000 456
73000 456
74000 456
75000 456
76000 456
77000 456
78000 456
79000 456
80000 456
81000 456
82000 456
83000 456
84000 456
85000 456
86000 456
87000 456
88000 456
89000 456
90000 456
91000 456
92000 456
93000 456
94000 456
95000 456
96000 456
97000 456
98000 456
99000 456
