Average Connection Set-up Time
Time
Connection Set-up Time

0.000000 0.000000 
1.000000 0.000000 
2.000000 125.933333 
3.000000 198.733333 
4.000000 241.466667 
5.000000 265.066667 
6.000000 266.133333 
7.000000 255.800000 
8.000000 246.666667 
9.000000 236.733333 
10.000000 233.933333 
11.000000 232.866667 
12.000000 231.133333 
13.000000 229.733333 
14.000000 227.733333 
15.000000 222.733333 
16.000000 217.866667 
17.000000 216.000000 
18.000000 219.000000 
19.000000 231.066667 
20.000000 255.000000 
21.000000 273.533333 
22.000000 279.200000 
23.000000 278.733333 
24.000000 276.133333 
25.000000 265.133333 
26.000000 252.133333 
27.000000 230.600000 
28.000000 207.533333 
29.000000 186.600000 
30.000000 170.600000 
31.000000 162.533333 
32.000000 165.733333 
33.000000 164.933333 
34.000000 165.066667 
35.000000 178.666667 
36.000000 184.066667 
37.000000 182.000000 
38.000000 174.466667 
39.000000 166.266667 
40.000000 155.666667 
41.000000 147.400000 
42.000000 149.600000 
43.000000 147.733333 
44.000000 145.400000 
45.000000 154.266667 
46.000000 173.200000 
47.000000 186.066667 
48.000000 196.333333 
49.000000 214.866667 
50.000000 243.466667 
51.000000 253.733333 
52.000000 266.066667 
53.000000 275.600000 
54.000000 280.266667 
55.000000 273.600000 
56.000000 262.866667 
57.000000 249.466667 
58.000000 250.066667 
59.000000 237.333333 
60.000000 220.533333 
61.000000 209.400000 
62.000000 207.200000 
63.000000 221.133333 
64.000000 288.266667 
65.000000 302.733333 
66.000000 298.533333 
67.000000 313.066667 
68.000000 309.400000 
69.000000 386.066667 
70.000000 413.866667 
71.000000 444.666667 
72.000000 484.733333 
73.000000 471.266667 
74.000000 446.333333 
75.000000 415.200000 
76.000000 401.066667 
77.000000 364.533333 
78.000000 387.533333 
79.000000 556.266667 
80.000000 584.933333 
81.000000 620.533333 
82.000000 602.066667 
83.000000 571.866667 
84.000000 569.733333 
85.000000 638.866667 
86.000000 607.933333 
87.000000 543.200000 
88.000000 487.133333 
89.000000 427.600000 
90.000000 371.333333 
91.000000 319.666667 
92.000000 306.600000 
93.000000 393.866667 
94.000000 537.400000 
95.000000 559.266667 
96.000000 551.600000 
97.000000 524.333333 
98.000000 478.333333 
99.000000 419.466667 
