Average Connection Set-up Time
Time
Connection Set-up Time

0 0
1000 75
2000 152
3000 294
4000 321
5000 323
6000 285
7000 267
8000 233
9000 216
10000 193
11000 208
12000 201
13000 196
14000 187
15000 226
16000 267
17000 342
18000 391
19000 425
20000 437
21000 424
22000 402
23000 337
24000 278
25000 215
26000 167
27000 154
28000 147
29000 176
30000 284
31000 375
32000 443
33000 536
34000 607
35000 597
36000 483
37000 430
38000 389
39000 319
40000 241
41000 185
42000 155
43000 193
44000 200
45000 205
46000 182
47000 170
48000 162
49000 208
50000 310
51000 302
52000 290
53000 277
54000 265
55000 257
56000 229
57000 348
58000 364
59000 359
60000 337
61000 309
62000 1140
63000 1594
64000 1559
65000 1555
66000 1381
67000 1178
68000 999
69000 797
70000 671
71000 589
72000 480
73000 399
74000 372
75000 378
76000 374
77000 349
78000 346
79000 334
80000 319
81000 323
82000 300
83000 413
84000 471
85000 472
86000 474
87000 454
88000 412
89000 371
90000 334
91000 336
92000 324
93000 302
94000 288
95000 307
96000 304
97000 305
98000 310
99000 312
