Average Playback Delay Time
Time
Playback Delay Time

0 0
1000 0
2000 58
3000 183
4000 187
5000 193
6000 169
7000 165
8000 158
9000 149
10000 141
11000 169
12000 165
13000 164
14000 161
15000 168
16000 174
17000 209
18000 232
19000 244
20000 244
21000 240
22000 237
23000 234
24000 228
25000 224
26000 222
27000 219
28000 218
29000 216
30000 231
31000 246
32000 248
33000 252
34000 264
35000 265
36000 259
37000 255
38000 254
39000 256
40000 254
41000 247
42000 242
43000 247
44000 245
45000 243
46000 239
47000 234
48000 231
49000 229
50000 245
51000 240
52000 236
53000 233
54000 231
55000 229
56000 229
57000 254
58000 252
59000 248
60000 248
61000 244
62000 242
63000 249
64000 265
65000 263
66000 261
67000 261
68000 260
69000 260
70000 259
71000 257
72000 257
73000 255
74000 261
75000 261
76000 260
77000 258
78000 254
79000 253
80000 250
81000 247
82000 246
83000 254
84000 258
85000 258
86000 258
87000 256
88000 256
89000 254
90000 250
91000 250
92000 248
93000 245
94000 244
95000 250
96000 247
97000 245
98000 244
99000 243
