Average Playback Delay Time
Time
Playback Delay Time

0.000000 0.000000 
1.000000 0.000000 
2.000000 0.000000 
3.000000 0.000000 
4.000000 0.000000 
5.000000 148.200000 
6.000000 213.333333 
7.000000 242.133333 
8.000000 247.933333 
9.000000 253.933333 
10.000000 266.533333 
11.000000 287.600000 
12.000000 321.533333 
13.000000 357.200000 
14.000000 376.800000 
15.000000 390.000000 
16.000000 397.466667 
17.000000 402.400000 
18.000000 404.400000 
19.000000 407.800000 
20.000000 409.066667 
21.000000 410.000000 
22.000000 410.000000 
23.000000 410.466667 
24.000000 410.600000 
25.000000 410.600000 
26.000000 410.600000 
27.000000 410.600000 
28.000000 410.600000 
29.000000 410.600000 
30.000000 410.666667 
31.000000 411.133333 
32.000000 411.533333 
33.000000 412.666667 
34.000000 415.133333 
35.000000 418.000000 
36.000000 420.800000 
37.000000 424.733333 
38.000000 429.400000 
39.000000 433.333333 
40.000000 435.533333 
41.000000 436.000000 
42.000000 436.733333 
43.000000 436.800000 
44.000000 436.800000 
45.000000 436.800000 
46.000000 436.800000 
47.000000 436.800000 
48.000000 436.800000 
49.000000 436.800000 
50.000000 436.800000 
51.000000 436.800000 
52.000000 436.800000 
53.000000 436.800000 
54.000000 436.800000 
55.000000 436.800000 
56.000000 436.800000 
57.000000 436.800000 
58.000000 436.800000 
59.000000 436.800000 
60.000000 436.800000 
61.000000 436.800000 
62.000000 436.800000 
63.000000 436.800000 
64.000000 436.800000 
65.000000 436.800000 
66.000000 436.800000 
67.000000 436.800000 
68.000000 436.800000 
69.000000 436.800000 
70.000000 436.800000 
71.000000 436.800000 
72.000000 436.800000 
73.000000 436.800000 
74.000000 436.800000 
75.000000 436.800000 
76.000000 436.800000 
77.000000 436.800000 
78.000000 436.800000 
79.000000 436.800000 
80.000000 436.800000 
81.000000 436.800000 
82.000000 436.800000 
83.000000 436.800000 
84.000000 436.800000 
85.000000 436.800000 
86.000000 436.800000 
87.000000 436.800000 
88.000000 436.800000 
89.000000 436.800000 
90.000000 436.800000 
91.000000 436.800000 
92.000000 436.800000 
93.000000 436.800000 
94.000000 436.800000 
95.000000 436.800000 
96.000000 436.800000 
97.000000 436.800000 
98.000000 436.800000 
99.000000 436.800000 
