Average Connection Set-up Time
Time
Connection Set-up Time

0 0
1000 32
2000 61
3000 140
4000 132
5000 127
6000 122
7000 114
8000 102
9000 98
10000 92
11000 89
12000 90
13000 84
14000 81
15000 85
16000 96
17000 115
18000 127
19000 136
20000 143
21000 140
22000 134
23000 118
24000 99
25000 81
26000 62
27000 57
28000 55
29000 65
30000 105
31000 137
32000 162
33000 177
34000 166
35000 146
36000 117
37000 105
38000 87
39000 73
40000 67
41000 68
42000 67
43000 64
44000 62
45000 63
46000 61
47000 61
48000 61
49000 62
50000 66
51000 68
52000 70
53000 72
54000 73
55000 73
56000 73
57000 73
58000 70
59000 69
60000 71
61000 75
62000 354
63000 496
64000 467
65000 469
66000 420
67000 357
68000 302
69000 245
70000 211
71000 184
72000 150
73000 125
74000 116
75000 117
76000 116
77000 110
78000 111
79000 108
80000 107
81000 111
82000 106
83000 107
84000 106
85000 106
86000 109
87000 109
88000 109
89000 108
90000 107
91000 109
92000 108
93000 105
94000 104
95000 108
96000 110
97000 109
98000 110
99000 110
