Average Connected Peers
Time
Connecte Peers

0 0.0
1000 1.0
2000 1.0
3000 1.0
4000 1.0
5000 2.0
6000 2.0
7000 2.0
8000 2.0
9000 2.0
10000 2.0
11000 2.0
12000 2.0
13000 3.0
14000 3.0
15000 3.0
16000 4.0
17000 4.0
18000 5.0
19000 6.0
20000 7.0
21000 8.0
22000 9.0
23000 11.0
24000 10.0
25000 12.0
26000 12.0
27000 14.0
28000 15.0
29000 14.0
30000 13.0
31000 14.0
32000 16.0
33000 16.0
34000 16.0
35000 16.0
36000 16.0
37000 16.0
38000 20.0
39000 21.0
40000 19.0
41000 16.0
42000 15.0
43000 15.0
44000 15.0
45000 15.0
46000 14.0
47000 13.0
48000 12.0
49000 12.0
50000 11.0
51000 11.0
52000 10.0
53000 10.0
54000 11.0
55000 13.0
56000 13.0
57000 12.0
58000 12.0
59000 14.0
60000 14.0
61000 13.0
62000 11.0
63000 10.0
64000 9.0
65000 10.0
66000 10.0
67000 10.0
68000 10.0
69000 12.0
70000 13.0
71000 14.0
72000 16.0
73000 15.0
74000 16.0
75000 16.0
76000 17.0
77000 15.0
78000 15.0
79000 14.0
80000 13.0
81000 13.0
82000 13.0
83000 13.0
84000 12.0
85000 13.0
86000 13.0
87000 13.0
88000 14.0
89000 13.0
90000 13.0
91000 13.0
92000 13.0
93000 12.0
94000 12.0
95000 13.0
96000 13.0
97000 13.0
98000 12.0
99000 12.0
