Average Playback Delay Time
Time
Playback Delay Time

0 0
1000 0
2000 19
3000 98
4000 81
5000 78
6000 80
7000 78
8000 74
9000 72
10000 71
11000 68
12000 71
13000 68
14000 69
15000 71
16000 73
17000 81
18000 86
19000 88
20000 88
21000 87
22000 86
23000 85
24000 83
25000 82
26000 81
27000 80
28000 80
29000 79
30000 85
31000 90
32000 91
33000 91
34000 90
35000 90
36000 88
37000 87
38000 87
39000 87
40000 86
41000 85
42000 84
43000 84
44000 83
45000 82
46000 81
47000 81
48000 80
49000 79
50000 79
51000 78
52000 78
53000 77
54000 76
55000 76
56000 76
57000 75
58000 75
59000 74
60000 74
61000 74
62000 75
63000 75
64000 75
65000 76
66000 76
67000 76
68000 76
69000 76
70000 76
71000 76
72000 76
73000 76
74000 76
75000 76
76000 76
77000 76
78000 76
79000 76
80000 75
81000 76
82000 77
83000 77
84000 77
85000 77
86000 77
87000 78
88000 78
89000 78
90000 78
91000 79
92000 79
93000 79
94000 80
95000 80
96000 80
97000 81
98000 81
99000 81
