Average Playback Delay Time
Time
Playback Delay Time

0 0
1000 0
2000 103
3000 155
4000 155
5000 152
6000 152
7000 151
8000 151
9000 151
10000 151
11000 151
12000 151
13000 151
14000 151
15000 151
16000 151
17000 151
18000 151
19000 151
20000 151
21000 151
22000 151
23000 151
24000 151
25000 151
26000 152
27000 151
28000 152
29000 151
30000 151
31000 152
32000 150
33000 148
34000 146
35000 134
36000 132
37000 134
38000 137
39000 157
40000 175
41000 187
42000 197
43000 206
44000 210
45000 218
46000 224
47000 232
48000 240
49000 252
50000 262
51000 267
52000 274
53000 279
54000 288
55000 295
56000 303
57000 310
58000 314
59000 317
60000 324
61000 331
62000 340
63000 347
64000 349
65000 346
66000 347
67000 354
68000 356
69000 360
70000 365
71000 375
72000 364
73000 367
74000 371
75000 382
76000 380
77000 387
78000 391
79000 395
80000 392
81000 394
82000 390
83000 395
84000 389
85000 393
86000 398
87000 405
88000 414
89000 431
90000 458
91000 458
92000 459
93000 480
94000 504
95000 517
96000 525
97000 560
98000 610
99000 628
