Average Connection Set-up Time
Time
Connection Set-up Time

0 0
1000 0
2000 0
3000 0
4000 0
5000 0
6000 0
7000 0
8000 0
9000 0
10000 0
11000 0
12000 0
13000 0
14000 0
15000 0
16000 0
17000 0
18000 0
19000 0
20000 0
21000 0
22000 0
23000 0
24000 0
25000 0
26000 0
27000 138106484816
28000 627756749189
29000 394589956636
30000 714343887050
31000 705224603403
32000 950897108719
33000 771244006238
34000 1099214879363
35000 1270086423132
36000 1478170970642
37000 1466198982994
38000 1421924755274
39000 1565699186584
40000 1671475681222
41000 1631134203896
42000 1757718898251
43000 1872950959144
44000 1938637613693
45000 2128649809597
46000 2230401887574
47000 2117414590455
48000 2210928649361
49000 2336967171987
50000 2281084638110
51000 2198769337824
52000 2056203238488
53000 1992797777564
54000 1857493644632
55000 1842029540316
56000 1772735521364
57000 1730783497792
58000 1773465072581
59000 1752776984030
60000 1843264908940
61000 1907945080750
62000 1969735929886
63000 1940210131519
64000 1937182858889
65000 1988114170753
66000 2054494303958
67000 2115652013596
68000 2143031663176
69000 2208369397320
70000 2245835203884
71000 2223837209204
72000 2189758769815
73000 2110714140491
74000 2053969921035
75000 2081167553783
76000 2043835411649
77000 2042571963058
78000 2024917927184
79000 1990973614309
80000 1957000790843
81000 1943066477436
82000 1889562682034
83000 1856349281963
84000 1804598191960
85000 1802373300990
86000 1791612991430
87000 1781508468809
88000 1757759717304
89000 1777150411283
90000 1780802160383
91000 1776008172499
92000 1784711347303
93000 1741461474601
94000 1740286008447
95000 1700199804653
96000 1657928414587
97000 1615645108936
98000 1574681698269
99000 1537981177989
