Average Connection Set-up Time
Time
Connection Set-up Time

0 0
1000 0
2000 186
3000 226
4000 247
5000 275
6000 282
7000 270
8000 259
9000 245
10000 235
11000 230
12000 229
13000 225
14000 218
15000 214
16000 210
17000 204
18000 196
19000 202
20000 205
21000 213
22000 223
23000 201
24000 206
25000 249
26000 235
27000 220
28000 202
29000 193
30000 179
31000 166
32000 162
33000 162
34000 155
35000 149
36000 143
37000 136
38000 128
39000 119
40000 121
41000 124
42000 125
43000 123
44000 121
45000 118
46000 118
47000 121
48000 125
49000 126
50000 128
51000 128
52000 130
53000 141
54000 169
55000 194
56000 226
57000 229
58000 213
59000 193
60000 164
61000 147
62000 139
63000 136
64000 138
65000 134
66000 135
67000 132
68000 130
69000 127
70000 126
71000 125
72000 125
73000 126
74000 134
75000 332
76000 925
77000 1016
78000 1063
79000 1527
80000 1489
81000 1370
82000 1241
83000 1068
84000 853
85000 663
86000 544
87000 466
88000 368
89000 353
90000 352
91000 339
92000 326
93000 301
94000 296
95000 303
96000 311
97000 302
98000 299
99000 296
