Average Playback Delay Time
Time
Playback Delay Time

0 0
1000 0
2000 56
3000 83
4000 111
5000 139
6000 143
7000 130
8000 124
9000 121
10000 114
11000 110
12000 111
13000 110
14000 105
15000 103
16000 104
17000 101
18000 101
19000 103
20000 105
21000 105
22000 104
23000 100
24000 102
25000 102
26000 100
27000 99
28000 98
29000 97
30000 96
31000 95
32000 96
33000 97
34000 96
35000 95
36000 94
37000 94
38000 93
39000 93
40000 93
41000 93
42000 91
43000 91
44000 91
45000 91
46000 91
47000 91
48000 90
49000 90
50000 91
51000 91
52000 91
53000 93
54000 96
55000 98
56000 100
57000 100
58000 99
59000 99
60000 99
61000 99
62000 99
63000 99
64000 99
65000 99
66000 99
67000 99
68000 99
69000 100
70000 99
71000 99
72000 99
73000 99
74000 99
75000 100
76000 100
77000 102
78000 103
79000 103
80000 104
81000 106
82000 106
83000 106
84000 107
85000 107
86000 107
87000 108
88000 108
89000 108
90000 108
91000 108
92000 108
93000 108
94000 108
95000 108
96000 108
97000 109
98000 109
99000 109
