Average Connection Set-up Time
Time
Connection Set-up Time

0.000000 0.000000 
1.000000 48.933333 
2.000000 192.466667 
3.000000 303.733333 
4.000000 375.466667 
5.000000 379.533333 
6.000000 365.466667 
7.000000 339.866667 
8.000000 311.466667 
9.000000 281.933333 
10.000000 263.066667 
11.000000 254.266667 
12.000000 248.133333 
13.000000 236.333333 
14.000000 222.733333 
15.000000 229.600000 
16.000000 250.800000 
17.000000 284.066667 
18.000000 320.933333 
19.000000 350.600000 
20.000000 362.933333 
21.000000 354.666667 
22.000000 333.533333 
23.000000 307.000000 
24.000000 275.266667 
25.000000 264.933333 
26.000000 303.133333 
27.000000 327.666667 
28.000000 333.866667 
29.000000 329.266667 
30.000000 398.000000 
31.000000 422.733333 
32.000000 501.333333 
33.000000 610.200000 
34.000000 605.866667 
35.000000 568.933333 
36.000000 536.600000 
37.000000 482.200000 
38.000000 442.066667 
39.000000 408.933333 
40.000000 362.733333 
41.000000 325.800000 
42.000000 317.400000 
43.000000 323.866667 
44.000000 313.466667 
45.000000 317.333333 
46.000000 326.200000 
47.000000 350.933333 
48.000000 352.066667 
49.000000 339.200000 
50.000000 346.400000 
51.000000 344.333333 
52.000000 329.800000 
53.000000 312.666667 
54.000000 362.800000 
55.000000 384.600000 
56.000000 713.733333 
57.000000 837.133333 
58.000000 963.466667 
59.000000 990.533333 
60.000000 944.466667 
61.000000 871.733333 
62.000000 842.733333 
63.000000 821.133333 
64.000000 763.866667 
65.000000 658.200000 
66.000000 587.400000 
67.000000 516.066667 
68.000000 459.266667 
69.000000 402.933333 
70.000000 362.933333 
71.000000 337.600000 
72.000000 333.200000 
73.000000 352.333333 
74.000000 366.266667 
75.000000 416.466667 
76.000000 437.466667 
77.000000 446.200000 
78.000000 436.533333 
79.000000 439.200000 
80.000000 430.933333 
81.000000 394.533333 
82.000000 368.466667 
83.000000 357.866667 
84.000000 351.800000 
85.000000 396.466667 
86.000000 580.533333 
87.000000 624.133333 
88.000000 657.933333 
89.000000 817.200000 
90.000000 842.133333 
91.000000 817.533333 
92.000000 779.933333 
93.000000 930.333333 
94.000000 896.133333 
95.000000 833.600000 
96.000000 847.200000 
97.000000 962.000000 
98.000000 980.666667 
99.000000 934.133333 
