Average Playback Delay Time
Time
Playback Delay Time

0.000000 0.000000 
1.000000 0.000000 
2.000000 77.133333 
3.000000 157.466667 
4.000000 218.933333 
5.000000 212.266667 
6.000000 206.333333 
7.000000 193.800000 
8.000000 178.333333 
9.000000 167.066667 
10.000000 163.733333 
11.000000 161.666667 
12.000000 163.333333 
13.000000 163.333333 
14.000000 161.533333 
15.000000 167.666667 
16.000000 175.600000 
17.000000 193.933333 
18.000000 203.866667 
19.000000 210.533333 
20.000000 213.800000 
21.000000 211.400000 
22.000000 205.866667 
23.000000 203.200000 
24.000000 198.266667 
25.000000 199.466667 
26.000000 199.666667 
27.000000 201.133333 
28.000000 200.733333 
29.000000 198.333333 
30.000000 201.466667 
31.000000 207.200000 
32.000000 213.533333 
33.000000 214.333333 
34.000000 219.933333 
35.000000 220.666667 
36.000000 222.066667 
37.000000 219.333333 
38.000000 219.600000 
39.000000 225.800000 
40.000000 227.533333 
41.000000 226.000000 
42.000000 226.600000 
43.000000 229.066667 
44.000000 228.666667 
45.000000 233.800000 
46.000000 238.533333 
47.000000 239.600000 
48.000000 239.600000 
49.000000 239.400000 
50.000000 240.666667 
51.000000 241.066667 
52.000000 240.333333 
53.000000 240.333333 
54.000000 237.933333 
55.000000 237.533333 
56.000000 236.866667 
57.000000 238.533333 
58.000000 239.466667 
59.000000 238.733333 
60.000000 238.200000 
61.000000 239.066667 
62.000000 237.733333 
63.000000 240.133333 
64.000000 242.600000 
65.000000 242.466667 
66.000000 242.600000 
67.000000 241.533333 
68.000000 240.466667 
69.000000 240.600000 
70.000000 239.133333 
71.000000 237.933333 
72.000000 238.533333 
73.000000 238.266667 
74.000000 238.600000 
75.000000 240.400000 
76.000000 245.200000 
77.000000 246.600000 
78.000000 245.933333 
79.000000 245.400000 
80.000000 247.266667 
81.000000 246.733333 
82.000000 246.000000 
83.000000 246.133333 
84.000000 248.000000 
85.000000 246.733333 
86.000000 249.600000 
87.000000 250.133333 
88.000000 250.000000 
89.000000 250.733333 
90.000000 249.933333 
91.000000 252.866667 
92.000000 256.066667 
93.000000 255.933333 
94.000000 256.200000 
95.000000 257.133333 
96.000000 257.266667 
97.000000 257.533333 
98.000000 257.133333 
99.000000 264.800000 
