Average Playback Delay Time
Time
Playback Delay Time

0.000000 0.000000 
1.000000 0.000000 
2.000000 32.533333 
3.000000 79.600000 
4.000000 104.733333 
5.000000 115.000000 
6.000000 114.800000 
7.000000 108.466667 
8.000000 105.866667 
9.000000 103.133333 
10.000000 103.333333 
11.000000 103.266667 
12.000000 100.800000 
13.000000 100.733333 
14.000000 101.000000 
15.000000 99.733333 
16.000000 98.400000 
17.000000 97.800000 
18.000000 101.133333 
19.000000 106.600000 
20.000000 111.733333 
21.000000 113.866667 
22.000000 114.066667 
23.000000 114.066667 
24.000000 112.333333 
25.000000 110.800000 
26.000000 109.600000 
27.000000 107.933333 
28.000000 106.400000 
29.000000 105.000000 
30.000000 104.000000 
31.000000 102.866667 
32.000000 102.066667 
33.000000 101.533333 
34.000000 101.066667 
35.000000 100.600000 
36.000000 100.733333 
37.000000 100.400000 
38.000000 99.800000 
39.000000 99.400000 
40.000000 98.800000 
41.000000 98.600000 
42.000000 98.066667 
43.000000 97.666667 
44.000000 97.200000 
45.000000 97.933333 
46.000000 99.000000 
47.000000 100.266667 
48.000000 100.866667 
49.000000 101.466667 
50.000000 101.733333 
51.000000 103.266667 
52.000000 105.600000 
53.000000 107.800000 
54.000000 109.733333 
55.000000 110.333333 
56.000000 110.733333 
57.000000 111.266667 
58.000000 112.666667 
59.000000 113.000000 
60.000000 113.266667 
61.000000 113.666667 
62.000000 114.800000 
63.000000 114.933333 
64.000000 115.600000 
65.000000 116.000000 
66.000000 116.066667 
67.000000 116.333333 
68.000000 116.600000 
69.000000 117.533333 
70.000000 118.333333 
71.000000 118.933333 
72.000000 120.600000 
73.000000 121.200000 
74.000000 122.066667 
75.000000 122.466667 
76.000000 122.666667 
77.000000 123.000000 
78.000000 123.333333 
79.000000 123.733333 
80.000000 124.600000 
81.000000 125.000000 
82.000000 125.600000 
83.000000 125.933333 
84.000000 126.466667 
85.000000 126.866667 
86.000000 127.666667 
87.000000 127.933333 
88.000000 128.466667 
89.000000 128.600000 
90.000000 128.933333 
91.000000 129.133333 
92.000000 129.466667 
93.000000 130.266667 
94.000000 131.266667 
95.000000 132.000000 
96.000000 132.800000 
97.000000 133.200000 
98.000000 133.666667 
99.000000 133.933333 
