Average Connection Set-up Time
Time
Connection Set-up Time

0.000000 0.000000 
1.000000 0.000000 
2.000000 128.533333 
3.000000 200.600000 
4.000000 238.600000 
5.000000 257.800000 
6.000000 258.733333 
7.000000 247.133333 
8.000000 237.333333 
9.000000 226.666667 
10.000000 219.000000 
11.000000 215.333333 
12.000000 212.133333 
13.000000 208.733333 
14.000000 206.066667 
15.000000 200.333333 
16.000000 195.800000 
17.000000 194.200000 
18.000000 196.066667 
19.000000 207.666667 
20.000000 230.533333 
21.000000 255.000000 
22.000000 276.333333 
23.000000 286.200000 
24.000000 288.666667 
25.000000 281.733333 
26.000000 269.333333 
27.000000 244.866667 
28.000000 217.466667 
29.000000 192.600000 
30.000000 173.133333 
31.000000 162.933333 
32.000000 166.266667 
33.000000 165.333333 
34.000000 163.600000 
35.000000 174.066667 
36.000000 176.200000 
37.000000 171.333333 
38.000000 163.333333 
39.000000 155.733333 
40.000000 146.866667 
41.000000 139.133333 
42.000000 140.800000 
43.000000 139.266667 
44.000000 138.000000 
45.000000 146.800000 
46.000000 166.466667 
47.000000 180.133333 
48.000000 191.533333 
49.000000 210.466667 
50.000000 244.266667 
51.000000 254.266667 
52.000000 261.266667 
53.000000 264.866667 
54.000000 266.800000 
55.000000 253.800000 
56.000000 241.933333 
57.000000 230.400000 
58.000000 230.800000 
59.000000 221.333333 
60.000000 207.066667 
61.000000 196.533333 
62.000000 192.866667 
63.000000 206.600000 
64.000000 267.933333 
65.000000 281.800000 
66.000000 277.600000 
67.000000 292.666667 
68.000000 289.600000 
69.000000 353.066667 
70.000000 382.933333 
71.000000 413.333333 
72.000000 450.333333 
73.000000 437.933333 
74.000000 416.400000 
75.000000 388.466667 
76.000000 377.600000 
77.000000 344.066667 
78.000000 371.933333 
79.000000 549.666667 
80.000000 582.866667 
81.000000 624.000000 
82.000000 605.933333 
83.000000 574.666667 
84.000000 567.933333 
85.000000 631.666667 
86.000000 595.800000 
87.000000 526.333333 
88.000000 469.133333 
89.000000 408.666667 
90.000000 353.600000 
91.000000 303.133333 
92.000000 287.266667 
93.000000 363.666667 
94.000000 487.466667 
95.000000 504.533333 
96.000000 496.666667 
97.000000 472.866667 
98.000000 431.000000 
99.000000 379.200000 
