Average Used Download Speed
Time
Used Download Speed (kbps)

0 0.0
1000 32.11834319526627
2000 37.66544117647059
3000 45.189910979228486
4000 49.114754098360656
5000 79.0304054054054
6000 95.37276478679505
7000 107.95933014354067
8000 112.1619644723093
9000 128.73515092502436
10000 122.01395730706075
11000 150.10086455331412
12000 174.53116710875332
13000 187.4497578692494
14000 205.8089207048458
15000 239.37797776601377
16000 245.87765419615772
17000 247.31549295774647
18000 261.6934084995664
19000 296.7246499787866
20000 290.459912245712
21000 316.02991944764096
22000 322.0790528233151
23000 342.30815179198873
24000 350.50655021834064
25000 363.67158908507224
26000 386.06578115117014
27000 395.28643692696807
28000 377.3622926093514
29000 409.45003010234797
30000 396.55010165553296
31000 419.21512798389415
32000 404.77266539613396
33000 443.5747989276139
34000 451.8020833333333
35000 438.4195372750643
36000 463.33015075376886
37000 471.83561979421853
38000 478.07890995260664
39000 501.37632384090375
40000 492.7579762989973
41000 507.57761492338443
42000 517.6129101899827
43000 536.381236673774
44000 538.46722513089
45000 534.9712447214961
46000 556.686278342455
47000 573.0887066005341
48000 578.6646341463414
49000 601.3193384223919
50000 605.2368467670505
51000 621.3439888811674
52000 635.1099071207431
53000 643.1367521367522
54000 640.3159400774281
55000 643.5315537979898
56000 658.5559519948102
57000 673.7838621356096
58000 677.0164720933951
59000 674.4907888521493
60000 688.2987012987013
61000 684.9572992138122
62000 689.4847570178086
63000 706.4397617274758
64000 706.4620759935945
65000 712.2097664543525
66000 740.7420440207486
67000 750.1905426140327
68000 736.1463282204426
69000 761.260397102227
70000 764.593399339934
71000 772.6789931231348
72000 794.0825889967638
73000 791.4266992162405
74000 785.6345766129032
75000 793.3166399407919
76000 804.1164053075995
77000 820.9866935962932
78000 839.1152843601895
79000 839.1286708338248
80000 843.0491533396049
81000 841.6022183304145
82000 835.5835720013747
83000 843.4354404841964
84000 872.9060959211116
85000 857.1633304003519
86000 874.3900392327812
87000 884.4708758965443
88000 874.1695712605581
89000 896.2625053441642
90000 885.1833720194134
91000 897.0342947037232
92000 891.3573567372225
93000 898.7100934199838
94000 917.1312121212121
95000 924.2509090909091
96000 924.2509090909091
97000 924.2509090909091
98000 924.2509090909091
99000 924.2509090909091
