Average Connection Set-up Time
Time
Connection Set-up Time

0 0
1000 1381064874888
2000 1168593355686
3000 1150887395792
4000 912489292382
5000 800243198587
6000 836419572180
7000 836154924319
8000 803794371703
9000 818672477460
10000 802510670626
11000 783987955383
12000 764759051335
13000 771023948657
14000 745500193764
15000 746154893239
16000 751147161011
17000 765050326550
18000 770103725128
19000 787989971048
20000 804247803264
21000 816725085162
22000 843899310551
23000 852354180638
24000 873011541940
25000 896389277609
26000 911306574095
27000 929670597417
28000 936694464148
29000 952150406615
30000 962702813167
31000 976629593548
32000 984850569918
33000 1008357569332
34000 1022954216625
35000 1053701349621
36000 1065291986000
37000 1083107182101
38000 1092434865907
39000 1104978836801
40000 1118423784838
41000 1136567114253
42000 1150782532152
43000 1163703065156
44000 1178814421631
45000 1194572789045
46000 1204675848803
47000 1215604501680
48000 1246286255710
49000 1272233916691
50000 1294047645932
51000 1312890443521
52000 1323019362773
53000 1333315292847
54000 1343612269549
55000 1352547312577
56000 1357570429547
57000 1360038638051
58000 1361919353601
59000 1364617509108
60000 1366874118106
61000 1370040410862
62000 1372582902923
63000 1373767950456
64000 1374353697013
65000 1375473520824
66000 1377391831746
67000 1377828367059
68000 1379241086804
69000 1379284580387
70000 1379272449880
71000 1379273612299
72000 1379288016189
73000 1379316693412
74000 1379312256409
75000 1379312812283
76000 1379312256440
77000 1379344995340
78000 1379336385179
79000 1379328780264
80000 1379334761201
81000 1379364058146
82000 1379389335745
83000 1379432412665
84000 1379456650181
85000 1379484259264
86000 1379479268811
87000 1379493252872
88000 1379507431633
89000 1379529507758
90000 1379517465650
91000 1379506992479
92000 1379489667847
93000 1379477902427
94000 1379465033825
95000 1379455244574
96000 1379442004357
97000 1379427089132
98000 1379414859535
99000 1379405940522
