Average Time Streaming
Time
Time Streaming  (seconds)

0 2.2637373798540985E10
1000 9.968481409043728E11
2000 8.579731121394081E11
3000 1.1145380002803472E12
4000 9.535993713874958E11
5000 1.1406253769339258E12
6000 1.1282566745533865E12
7000 1.2024886314617083E12
8000 1.2077287297428882E12
9000 1.2867594651944382E12
10000 1.1643378956815164E12
11000 1.2117518726370757E12
12000 1.270995467986002E12
13000 1.2621843230231633E12
14000 1.2561747982382268E12
15000 1.327515998728432E12
16000 1.318747192726078E12
17000 1.2829864457629243E12
18000 1.2760862357385637E12
19000 1.3510007744392048E12
20000 1.2988091643995984E12
21000 1.328441329360387E12
22000 1.3114585232020503E12
23000 1.331874581544229E12
24000 1.3205793752404114E12
25000 1.32014769003811E12
26000 1.3603543920452354E12
27000 1.380443230636235E12
28000 1.3175634444555466E12
29000 1.3779700627870261E12
30000 1.3327515501252712E12
31000 1.3673768087471326E12
32000 1.3071927790379856E12
33000 1.3597778871358062E12
34000 1.3757162574592922E12
35000 1.3294074203340693E12
36000 1.3496538785933203E12
37000 1.3463747230023225E12
38000 1.3360502936594639E12
39000 1.3714551127460066E12
40000 1.3377666472610317E12
41000 1.3459208219863696E12
42000 1.3424226596307207E12
43000 1.3640972567697517E12
44000 1.3562986980706506E12
45000 1.3264554245862783E12
46000 1.342282109286397E12
47000 1.3476881122220625E12
48000 1.3380143569688584E12
49000 1.3582918043369556E12
50000 1.3461437679270188E12
51000 1.3544905111775815E12
52000 1.3671042588853738E12
53000 1.3723820837770823E12
54000 1.359728473879903E12
55000 1.3522110210361401E12
56000 1.359156591387558E12
57000 1.3713166184496577E12
58000 1.3711630762628958E12
59000 1.3595719457720723E12
60000 1.3722371536407642E12
61000 1.3604444028759324E12
62000 1.35191175720345E12
63000 1.3625777508035962E12
64000 1.349921080181658E12
65000 1.3425708980858613E12
66000 1.3677156650961907E12
67000 1.373945552610336E12
68000 1.3441413193560527E12
69000 1.3647627505205828E12
70000 1.3588221895777346E12
71000 1.3574082552227668E12
72000 1.377840978392129E12
73000 1.3705892991516511E12
74000 1.354257503199426E12
75000 1.3519234041012898E12
76000 1.350730321732309E12
77000 1.3600443879687808E12
78000 1.3771167476246926E12
79000 1.374528315424872E12
80000 1.3769826881078613E12
81000 1.3710451717058564E12
82000 1.35493591070904E12
83000 1.351163498516122E12
84000 1.3805703336873164E12
85000 1.3553642123613494E12
86000 1.368238799963924E12
87000 1.3769781721128618E12
88000 1.3587337640671438E12
89000 1.3805846245628213E12
90000 1.3631052445399792E12
91000 1.3726249446328147E12
92000 1.359635506193055E12
93000 1.3580240627689155E12
94000 1.373766187878573E12
95000 1.3808798112296716E12
96000 1.3808798113086084E12
97000 1.380879811393486E12
98000 1.380879811476374E12
99000 1.3808798115546743E12
