Average Used Upload Speed
Time
Upload Speed (kbps)

0 488.5409836065574
1000 488.33727810650885
2000 505.2977941176471
3000 507.1691394658754
4000 509.34016393442624
5000 503.3783783783784
6000 503.90233837689135
7000 502.61961722488036
8000 504.85684430512015
9000 501.8958130477118
10000 505.1338259441708
11000 500.8242074927954
12000 498.039124668435
13000 496.91162227602905
14000 499.3568281938326
15000 501.4235044997353
16000 501.96562184024265
17000 498.10281690140846
18000 498.255420641804
19000 498.44887568943574
20000 497.8496210610291
21000 497.7606444188723
22000 495.01857923497266
23000 494.34504567814474
24000 495.35774269398723
25000 494.46484751203855
26000 494.7925363693865
27000 494.6832121403731
28000 497.4328808446455
29000 497.5824804334738
30000 497.6125471972117
31000 497.42047742306585
32000 497.2194391505581
33000 497.44584450402147
34000 497.3982371794872
35000 497.7640102827763
36000 498.37010050251257
37000 498.7332190102891
38000 499.13341232227486
39000 499.661802777124
40000 500.01435733819505
41000 500.2171885409727
42000 499.9704231433506
43000 499.7147121535181
44000 499.16
45000 499.20752061130105
46000 498.7650508209539
47000 498.34814956123614
48000 497.80561714708057
49000 498.31697564521994
50000 498.42001771479187
51000 497.4954829742877
52000 497.31028551771584
53000 497.9066666666667
54000 497.54569937720925
55000 498.9589718240237
56000 498.8013298734998
57000 498.6529231760348
58000 498.9838477530785
59000 499.03495512517713
60000 498.30089187920515
61000 498.2296901495298
62000 497.9776637488681
63000 497.1246463142219
64000 498.0406172659776
65000 498.71450813871195
66000 498.69844385251645
67000 498.80234342307153
68000 499.00732998506857
69000 499.1707807888382
70000 499.5135313531353
71000 499.766446087972
72000 499.544854368932
73000 499.3871257869716
74000 500.0923639112903
75000 500.616750955964
76000 500.12629674306396
77000 499.9120826897945
78000 499.6958530805687
79000 499.68038683807055
80000 499.83584195672626
81000 499.3103327495622
82000 499.1954404857372
83000 498.90854068594484
84000 498.9229045271179
85000 498.6250549934008
86000 498.577593722755
87000 498.54629428385135
88000 498.6037634983428
89000 498.640872167593
90000 498.71787296898077
91000 498.6359727320399
92000 498.5891584925142
93000 499.09149065800165
94000 499.01
95000 499.01
96000 499.01
97000 499.01
98000 499.01
99000 499.01
