Average Download Speed
Time
Download Speed (kbps)

0 1519.967213114754
1000 1533.7100591715975
2000 1522.1911764705883
3000 1516.9910979228487
4000 1522.610655737705
5000 1513.9983108108108
6000 1512.46492434663
7000 1512.848086124402
8000 1514.8202716823407
9000 1513.106134371957
10000 1507.3004926108374
11000 1505.7017291066281
12000 1504.7778514588858
13000 1502.9891041162227
14000 1498.954845814978
15000 1500.7591318157756
16000 1497.8822042467139
17000 1498.9859154929577
18000 1503.452298352125
19000 1503.0415782774714
20000 1504.6681292381331
21000 1504.1910241657076
22000 1504.2032786885245
23000 1505.2118763176388
24000 1506.44642257306
25000 1505.2407704654895
26000 1505.0085388994307
27000 1505.1583939298134
28000 1503.1541478129714
29000 1503.439193257074
30000 1503.5483589892535
31000 1503.3523152142652
32000 1504.2346855431526
33000 1503.2871313672922
34000 1503.7946047008547
35000 1504.227763496144
36000 1504.0175879396984
37000 1504.265066144047
38000 1504.1504739336492
39000 1504.5982584137444
40000 1503.8493618960802
41000 1503.2751499000667
42000 1503.2331606217617
43000 1502.9151385927505
44000 1503.7174869109947
45000 1505.179971847979
46000 1505.811767005473
47000 1506.335177413201
48000 1506.409830007391
49000 1506.1775717920757
50000 1505.4198405668733
51000 1504.728978457262
52000 1503.749226006192
53000 1503.7100854700855
54000 1503.6047803400102
55000 1503.705058493986
56000 1503.972915990918
57000 1504.2183926558223
58000 1504.095794018871
59000 1503.5795937647615
60000 1503.5341887028635
61000 1504.120240480962
62000 1503.6649562330215
63000 1503.2533134772896
64000 1502.7057795894598
65000 1503.348195329087
66000 1503.9163045002103
67000 1503.6165434509694
68000 1502.9171983168183
69000 1502.82452374564
70000 1503.34600660066
71000 1503.5088880238743
72000 1503.5097734627832
73000 1503.6063214698702
74000 1503.1973286290322
75000 1503.8338472924634
76000 1503.4811821471653
77000 1503.706427468219
78000 1503.6030805687203
79000 1503.9127255572591
80000 1504.1729774223895
81000 1504.2358435493286
82000 1504.5747508305649
83000 1504.348016139879
84000 1504.404751232631
85000 1504.188957325121
86000 1504.5202702702702
87000 1504.639426211693
88000 1504.1060622260238
89000 1504.0872167592988
90000 1503.9087360202575
91000 1503.9914001048767
92000 1504.4293236964377
93000 1504.5479285134038
94000 1504.2125252525252
95000 1504.2125252525252
96000 1504.2125252525252
97000 1504.2125252525252
98000 1504.2125252525252
99000 1504.2125252525252
