Average Playback Delay Time
Time
Playback Delay Time

0 0
1000 0
2000 0
3000 0
4000 0
5000 0
6000 0
7000 0
8000 1381046670753
9000 1381046670766
10000 1381046670790
11000 1381046670750
12000 1381046670767
13000 1381046670804
14000 1381046670842
15000 1381046670825
16000 1381046670941
17000 1381046671055
18000 1381046671132
19000 1381046671169
20000 1381046671198
21000 1381046671219
22000 1381046671236
23000 1381046671254
24000 1381046671275
25000 1381046671298
26000 1381046671319
27000 1381046671368
28000 1381046671398
29000 1381046671445
30000 1381046671479
31000 1381046671503
32000 1381046671546
33000 1381046671600
34000 1381046671644
35000 1381046671681
36000 1381046671728
37000 1381046671762
38000 1381046671787
39000 1381046671827
40000 1381046671866
41000 1381046671905
42000 1381046671930
43000 1381046671985
44000 1381046672025
45000 1381046672071
46000 1381046672115
47000 1381046672153
48000 1381046672210
49000 1381046672264
50000 1381046672312
51000 1381046672365
52000 1381046672416
53000 1381046672456
54000 1381046672493
55000 1381046672516
56000 1381046672540
57000 1381046672556
58000 1381046672574
59000 1381046672597
60000 1381046672623
61000 1381046672638
62000 1381046672649
63000 1381046672663
64000 1381046672673
65000 1381046672684
66000 1381046672696
67000 1381046672713
68000 1381046672725
69000 1381046672738
70000 1381046672742
71000 1381046672748
72000 1381046672759
73000 1381046672775
74000 1381046672782
75000 1381046672793
76000 1381046672809
77000 1381046672815
78000 1381046672823
79000 1381046672834
80000 1381046672840
81000 1381046672846
82000 1381046672851
83000 1381046672863
84000 1381046672885
85000 1381046672898
86000 1381046672911
87000 1381046672920
88000 1381046672931
89000 1381046672950
90000 1381046672962
91000 1381046672985
92000 1381046673021
93000 1381046673030
94000 1381046673039
95000 1381046673047
96000 1381046673048
97000 1381046673071
98000 1381046673095
99000 1381046673112
