0 0.0
1000 37.94466403162055
2000 50.0
3000 58.7138863000932
4000 65.98480420806546
5000 71.79272879231091
6000 74.5904173106646
7000 75.28195488721805
8000 77.08848715509039
9000 79.50125470514429
10000 80.748150178131
11000 80.97667638483965
12000 80.51085037898453
13000 80.68653686444588
14000 80.8983135748873
15000 81.19716183574879
16000 81.03998889197445
17000 80.73959938366718
18000 79.94433814576448
19000 80.01854174619622
20000 79.35756972111554
21000 79.33204941519094
22000 78.78337630555434
23000 78.04082963204434
24000 77.58342303552207
25000 77.63105242096839
26000 77.18305973237688
27000 76.63095434316796
28000 76.08985696112197
29000 75.78175799491635
30000 75.62232982056393
31000 74.97303419264372
32000 74.47593318959919
33000 73.92777640366064
34000 73.33317543402572
35000 72.83461864115883
36000 72.43532169379395
37000 71.90868738110336
38000 71.5101172330544
39000 71.15319981811352
40000 70.7017846531332
41000 70.30158965978309
42000 69.75957321112087
43000 69.25631618299109
44000 68.9293401806749
45000 68.51815408835974
46000 68.06017393528585
47000 67.79753633823047
48000 67.40427987789135
49000 67.04440401992068
50000 66.76854681856071
51000 66.33887290476804
52000 65.87811197476626
53000 65.41400129871924
54000 65.13757722559399
55000 64.62352831371085
56000 64.39880921017968
57000 63.87640811071773
58000 63.49347192293067
59000 63.02864938608458
60000 62.639731131730834
61000 62.205617293529244
62000 61.818669277754466
63000 61.429337715844376
64000 61.02419157412147
65000 60.718128171968225
66000 60.25739998519474
67000 59.951355826950945
68000 59.6955055155438
69000 59.271337228204644
70000 59.015344028243874
71000 58.73768455389401
72000 58.33962123540973
73000 57.984170895700125
74000 57.72703946124551
75000 57.454116227058115
76000 57.1159490122213
77000 56.760084377287015
78000 56.49036009384882
79000 56.25777703043552
80000 56.05397550342537
81000 55.75831538253626
82000 55.441264403109294
83000 55.14602231549103
84000 54.83519327441123
85000 54.54763581761469
86000 54.25658466653449
87000 54.03554197370105
88000 53.80168367727036
89000 53.54167432626199
90000 53.25644947338664
91000 53.02313901345291
92000 52.80885343233458
93000 52.61675958871488
94000 52.384586565279534
95000 52.12248167087672
96000 51.9268416596105
97000 51.70547050350072
98000 51.54743045014351
99000 51.35228894212518
